id,predict_0,predict_1,predict_2
2,0.67606407682,0.237169284045,0.0867666391356
3,0.676595055832,0.23469054544,0.0887143987278
4,0.649450131853,0.25636807443,0.0941817937171
7,0.642968897466,0.260560691298,0.0964704112363
9,0.640187014663,0.258436732304,0.101376253034
10,0.654089855429,0.253980872525,0.0919292720452
11,0.695131296204,0.223332644375,0.0815360594212
12,0.640225107547,0.26320014003,0.0965747524234
14,0.637414733297,0.265366175611,0.0972190910918
15,0.750299409979,0.182772904468,0.0669276855521
16,0.639532836529,0.263638027274,0.0968291361968
17,0.641637359709,0.262046158604,0.096316481687
18,0.807002386571,0.141292836576,0.0517047768531
21,0.631790322592,0.268942267583,0.0992674098252
22,0.723810440586,0.201650392441,0.0745391669727
25,0.634845463252,0.267158111037,0.0979964257115
30,0.734206095437,0.195794275175,0.0699996293875
32,0.694722111984,0.222481102573,0.0827967854432
34,0.635268306741,0.264138213082,0.100593480177
35,0.635698042209,0.266412271606,0.0978896861851
36,0.726744751397,0.19966860588,0.0735866427228
37,0.637825698569,0.264941029884,0.0972332715469
39,0.638025692802,0.264994345967,0.0969799612308
40,0.667787093563,0.240737886936,0.0914750195011
41,0.690542636306,0.226053449136,0.0834039145584
42,0.634522975722,0.267353606278,0.098123418
45,0.602608352044,0.28716934923,0.110222298726
46,0.691643310069,0.226135542209,0.0822211477226
47,0.636582042848,0.265775752847,0.097642204305
48,0.554175038195,0.312404570106,0.133420391699
50,0.64981614787,0.256267064418,0.0939167877117
51,0.637673516222,0.264897817401,0.0974286663771
52,0.801487218201,0.145575321723,0.052937460076
56,0.675380008518,0.237086920242,0.0875330712406
58,0.644657417687,0.260078346426,0.0952642358875
62,0.768069605819,0.169873607592,0.0620567865895
63,0.782602874831,0.159473870545,0.0579232546241
65,0.585977452602,0.297161834704,0.116860712693
66,0.573732617182,0.303122135778,0.12314524704
70,0.56248247136,0.309546406318,0.127971122322
71,0.650993462228,0.25623462319,0.0927719145819
72,0.645106370603,0.258957538709,0.0959360906884
73,0.677442269864,0.23573839359,0.0868193365459
74,0.708636272228,0.213280810488,0.0780829172841
76,0.673099908554,0.239256847112,0.0876432443334
77,0.595098508675,0.291229769875,0.11367172145
78,0.677076231809,0.23448441555,0.0884393526417
82,0.638996560263,0.264051888898,0.096951550839
85,0.560277354406,0.309848656996,0.129873988597
86,0.763190354186,0.174102192819,0.062707452995
87,0.632261002462,0.268924599615,0.0988143979222
95,0.807931044913,0.140562281041,0.0515066740463
96,0.557823453107,0.312727478291,0.129449068602
97,0.634782061557,0.266272382097,0.0989455563463
98,0.752128564301,0.182595917839,0.0652755178603
100,0.641691226707,0.262317877232,0.0959908960615
101,0.6877281224,0.227464094453,0.0848077831468
102,0.723986955801,0.203211873021,0.0728011711782
103,0.704441320575,0.215232338536,0.0803263408889
106,0.62400162625,0.274042081438,0.101956292312
108,0.680887502037,0.233293447861,0.0858190501017
109,0.666545935509,0.243126350176,0.0903277143149
110,0.654626157698,0.247111592254,0.0982622500488
113,0.591460219989,0.293588496126,0.114951283885
114,0.643173830722,0.261069689961,0.0957564793168
116,0.640998721897,0.262597987412,0.0964032906916
117,0.649238716429,0.256382478909,0.0943788046621
118,0.678662032797,0.233567559692,0.087770407511
121,0.803965942285,0.143610429869,0.0524236278466
122,0.666690019254,0.245334997911,0.0879749828347
123,0.774427647775,0.166122851844,0.0594495003805
124,0.747241013925,0.186093726129,0.066665259946
126,0.685780137001,0.228903586869,0.0853162761303
127,0.660774761193,0.247598243145,0.0916269956617
128,0.64192662256,0.261832062611,0.0962413148294
133,0.633952014415,0.267718558208,0.0983294273776
136,0.637960316734,0.263777523566,0.0982621596997
137,0.709848125487,0.2115046202,0.0786472543122
140,0.646474720643,0.258319749073,0.0952055302833
141,0.68746997763,0.227260550752,0.0852694716185
143,0.632118518061,0.268118194443,0.0997632874966
144,0.692821495529,0.223696002285,0.0834825021865
145,0.546651567902,0.316522798717,0.136825633381
147,0.565998444925,0.30729128709,0.126710267985
148,0.663955961451,0.245422525225,0.0906215133239
150,0.640179778485,0.263171685989,0.0966485355255
151,0.627243657295,0.270792227712,0.101964114992
153,0.635572205514,0.266617069925,0.0978107245607
155,0.68726938835,0.228131944943,0.0845986667063
156,0.646598645831,0.258521879906,0.094879474263
160,0.634442493153,0.267461551766,0.0980959550808
163,0.603398133067,0.284893785291,0.111708081642
164,0.670744669845,0.239919055189,0.0893362749652
165,0.651042108473,0.255021636941,0.0939362545857
166,0.791014525957,0.149957234014,0.0590282400287
167,0.631460890772,0.268048364274,0.100490744955
168,0.692479782373,0.225764286725,0.0817559309011
169,0.637396701654,0.265507732916,0.0970955654301
170,0.550780450904,0.316354763345,0.132864785751
171,0.68283353632,0.231807649693,0.085358813987
172,0.550515292953,0.314037087638,0.135447619409
173,0.652378689213,0.2539982786,0.0936230321867
174,0.585552076088,0.297680513034,0.116767410878
175,0.636916474565,0.265790929924,0.0972925955108
176,0.581804802782,0.298670932267,0.11952426495
180,0.645710586097,0.259177402509,0.0951120113941
181,0.547722606286,0.315802601812,0.136474791901
182,0.637074981394,0.265344079964,0.0975809386421
185,0.670183590176,0.240539382719,0.0892770271059
186,0.640833758907,0.262713006946,0.0964532341466
187,0.635294071996,0.266671491389,0.0980344366153
189,0.631660419385,0.269355034479,0.098984546136
192,0.632359091664,0.268834984277,0.0988059240594
194,0.706946681522,0.213823538824,0.0792297796535
195,0.666641234889,0.243047316829,0.0903114482824
197,0.663733830332,0.246015330501,0.0902508391668
198,0.733284641178,0.194955828658,0.0717595301639
201,0.807751140507,0.140713714475,0.0515351450177
202,0.633923195951,0.267785808034,0.0982909960151
203,0.648502170488,0.250418838484,0.101078991028
205,0.797983413106,0.148203291998,0.0538132948956
208,0.631020047155,0.269678890309,0.0993010625366
209,0.699651132575,0.218921759581,0.0814271078438
210,0.632161928969,0.268429549593,0.0994085214378
211,0.639832297816,0.263406965308,0.096760736876
214,0.641495161773,0.262404551141,0.0961002870865
215,0.618661391013,0.276453404069,0.104885204918
216,0.642437656986,0.261584947542,0.0959773954724
218,0.637498552226,0.265020844476,0.097480603298
219,0.606598380736,0.284776784409,0.108624834855
220,0.645862176232,0.258830378463,0.095307445305
222,0.617318815675,0.278001594721,0.104679589604
224,0.59383139741,0.291977045941,0.114191556649
226,0.640861812354,0.26279861784,0.0963395698064
228,0.583229487132,0.298302373955,0.118468138913
229,0.554324265163,0.314175016772,0.131500718065
230,0.684858961359,0.229920550379,0.0852204882624
231,0.757278578602,0.178347384881,0.0643740365166
232,0.731859862377,0.197239636031,0.0709005015927
233,0.803836318693,0.143578241081,0.0525854402253
235,0.804153123159,0.143523805717,0.0523230711235
236,0.805679345755,0.142293276219,0.0520273780262
237,0.634532831577,0.267265482924,0.0982016854988
241,0.70772807289,0.214720160361,0.0775517667491
244,0.641385269976,0.26239344096,0.0962212890644
245,0.693484734235,0.223950893163,0.0825643726024
246,0.659222870572,0.248633764279,0.092143365149
249,0.718885763187,0.205957105671,0.0751571311426
250,0.639916024126,0.263446202324,0.0966377735497
252,0.63504231764,0.26693517622,0.0980225061392
253,0.545918244323,0.315025171193,0.139056584484
254,0.644450707589,0.260016834147,0.095532458264
255,0.691346186037,0.225287863243,0.0833659507199
258,0.634278042438,0.267382763682,0.0983391938799
261,0.609236941662,0.283217572538,0.1075454858
264,0.606311418542,0.285267659825,0.108420921633
267,0.572560912141,0.30499349631,0.122445591549
268,0.635136422757,0.26689358752,0.0979699897232
271,0.633042990343,0.267862562634,0.0990944470234
273,0.809589404822,0.139210618511,0.0511999766665
276,0.71065335557,0.209782482075,0.0795641623555
277,0.710431922791,0.211593128592,0.077974948617
278,0.711760921476,0.210361720076,0.0778773584481
280,0.742010272501,0.189475263375,0.0685144641244
281,0.736815590222,0.193309130809,0.0698752789694
282,0.618648092259,0.268032195499,0.113319712242
283,0.63628151523,0.265781533352,0.097936951418
285,0.686131582364,0.229133316491,0.0847351011449
286,0.650951013849,0.256105995416,0.0929429907356
287,0.636698179836,0.265836919935,0.0974649002291
288,0.646480141926,0.251628785073,0.101891073002
289,0.663863114497,0.245917171235,0.0902197142679
291,0.544817647238,0.317676984164,0.137505368599
294,0.608341112741,0.282462843999,0.10919604326
298,0.614273786,0.279584708798,0.106141505202
301,0.722669173383,0.201308872303,0.0760219543146
303,0.807584401415,0.140770200331,0.0516453982545
304,0.75378754014,0.181281521508,0.0649309383522
305,0.647365028443,0.251957040739,0.100677930818
307,0.622487462862,0.275713148387,0.101799388751
308,0.615585955723,0.279552387778,0.1048616565
309,0.632907144433,0.266014303271,0.101078552296
310,0.565695024074,0.306516755925,0.12778822
311,0.648388907801,0.257154841997,0.0944562502018
312,0.643293515387,0.260863826694,0.0958426579187
314,0.739506221901,0.191916537016,0.0685772410837
316,0.641012901935,0.262461567918,0.0965255301471
318,0.725258755956,0.202259557194,0.0724816868507
322,0.56261902516,0.309328791072,0.128052183768
324,0.643257000149,0.260969870906,0.0957731289453
325,0.560572756473,0.309837187735,0.129590055792
326,0.706694059723,0.214570431368,0.0787355089095
328,0.685120260885,0.228854022846,0.0860257162683
329,0.546270623678,0.315638939175,0.138090437147
330,0.694251267935,0.223225446491,0.0825232855743
331,0.796511337053,0.149504547807,0.0539841151399
332,0.807870754903,0.140597356409,0.0515318886879
333,0.63509325317,0.266937044185,0.097969702645
335,0.722743280937,0.203293233335,0.0739634857279
336,0.678331420665,0.233933838529,0.0877347408058
337,0.635715129649,0.266214081067,0.0980707892839
340,0.546097561973,0.31820677238,0.135695665647
342,0.54684567681,0.316123447218,0.137030875973
344,0.805069469943,0.14242347734,0.0525070527174
346,0.648222798716,0.258002272316,0.0937749289672
347,0.671393105078,0.24045763631,0.0881492586117
349,0.725046423617,0.2021003051,0.0728532712834
351,0.698302020088,0.220809090499,0.0808888894122
352,0.7974177769,0.14839312912,0.0541890939796
353,0.809825389305,0.139034947915,0.0511396627799
354,0.681561249065,0.233040148986,0.085398601949
356,0.673173582613,0.238205071742,0.0886213456455
359,0.635361738902,0.266703329629,0.0979349314692
361,0.700352147363,0.219854497459,0.0797933551776
362,0.692873852015,0.22408710905,0.0830390389349
365,0.636263451478,0.266119347509,0.0976172010126
366,0.6474194971,0.257923628291,0.0946568746095
367,0.635722067911,0.266464884291,0.0978130477974
368,0.700944371886,0.218086033103,0.0809695950115
369,0.637836916585,0.264638181208,0.0975249022069
370,0.701472101306,0.217544186168,0.0809837125258
372,0.627348658174,0.271795412674,0.100855929152
374,0.682637072469,0.232640847714,0.0847220798162
375,0.545764243618,0.315747155448,0.138488600934
376,0.561436589258,0.308713508743,0.129849901999
378,0.595804854061,0.291326213939,0.112868932
380,0.787214193017,0.156537381769,0.0562484252138
382,0.692385030622,0.225842673641,0.0817722957372
383,0.648845478273,0.256828074313,0.0943264474138
384,0.696528077102,0.221288383238,0.0821835396596
386,0.54467866018,0.317376399369,0.137944940451
388,0.771071088579,0.167738972894,0.0611899385275
389,0.626557773166,0.271299717538,0.102142509296
390,0.716959991724,0.207716600037,0.0753234082387
393,0.635420441164,0.266274881247,0.0983046775896
394,0.607523055333,0.283884317692,0.108592626975
395,0.592788594137,0.292248943306,0.114962462557
396,0.572648422895,0.30396482871,0.123386748394
398,0.650027733693,0.255719187063,0.0942530792442
399,0.599555344314,0.288686554778,0.111758100908
401,0.648019981345,0.250726390733,0.101253627922
402,0.638356382759,0.264617436945,0.0970261802958
404,0.689194864137,0.226328049508,0.0844770863546
405,0.799097432904,0.147285356718,0.0536172103774
407,0.703998447899,0.215554629917,0.0804469221845
410,0.730583764268,0.19759350057,0.0718227351622
414,0.634274192625,0.267482664199,0.0982431431763
416,0.56468624444,0.307967223495,0.127346532064
418,0.789758452517,0.154569982379,0.0556715651042
419,0.601345356596,0.287334683522,0.111319959882
422,0.684297613562,0.230154441649,0.0855479447886
423,0.645186407407,0.259440177322,0.0953734152709
425,0.698239971846,0.221468709645,0.0802913185083
426,0.741438843037,0.189345413586,0.0692157433764
427,0.741502331363,0.189625412999,0.0688722556384
428,0.640893422301,0.262642648602,0.096463929097
431,0.660181943501,0.24815748293,0.0916605735692
433,0.704353931996,0.215779925047,0.0798661429567
434,0.793071999614,0.149028385069,0.057899615317
435,0.681033077815,0.233873366535,0.0850935556498
436,0.74885635371,0.183822046524,0.0673215997662
440,0.660508043438,0.24801774602,0.091474210542
441,0.549136466849,0.314630875061,0.13623265809
442,0.679912026914,0.232694523069,0.0873934500168
443,0.733477554508,0.195774298056,0.070748147436
445,0.63055689603,0.26998096266,0.0994621413097
448,0.553465347052,0.313485758987,0.13304889396
451,0.638853544823,0.264159798152,0.0969866570252
454,0.621361006548,0.275547400413,0.103091593039
456,0.70447871485,0.215679350702,0.0798419344482
457,0.612623051363,0.279382258934,0.107994689703
458,0.590177111434,0.289995873478,0.119827015088
459,0.750233328713,0.182775240897,0.0669914303894
460,0.568400751902,0.307201054864,0.124398193234
461,0.633629469187,0.267645934802,0.0987245960111
463,0.71179038534,0.210411696923,0.0777979177371
464,0.593765854973,0.291597704143,0.114636440884
467,0.546547084328,0.317840715804,0.135612199868
468,0.691995468214,0.22589893461,0.0821055971759
471,0.64391384104,0.26035937772,0.0957267812403
473,0.582025337527,0.298745025247,0.119229637226
475,0.646316707171,0.258868303074,0.0948149897552
476,0.54938478217,0.314138132415,0.136477085415
478,0.581009297888,0.300303855773,0.118686846338
481,0.63862609479,0.263038670156,0.0983352350536
482,0.637455489431,0.265275348824,0.0972691617457
483,0.685027902624,0.230124522127,0.0848475752492
485,0.644057617275,0.260380272475,0.0955621102501
490,0.78951711262,0.154346791959,0.0561360954209
493,0.763171707379,0.173475788774,0.063352503847
494,0.598703185761,0.280934143836,0.120362670404
508,0.657058597621,0.250327259526,0.0926141428524
509,0.641785444822,0.26200449138,0.0962100637981
510,0.637101910639,0.265601520987,0.0972965683737
511,0.789147680543,0.155036472978,0.0558158464792
512,0.684490316644,0.230534953409,0.0849747299477
513,0.572400286284,0.303284033884,0.124315679832
514,0.69318455029,0.223842467109,0.0829729826007
516,0.787381403351,0.155919654763,0.0566989418853
517,0.689811997376,0.22455056909,0.0856374335335
518,0.672985307519,0.23843161403,0.0885830784513
520,0.547004064072,0.314957444778,0.13803849115
521,0.704413015564,0.214919354536,0.0806676298995
522,0.727382152334,0.199203598548,0.0734142491184
523,0.604742847518,0.286181937664,0.109075214818
524,0.677521349764,0.236107071823,0.0863715784126
525,0.634689927196,0.267244551984,0.0980655208197
526,0.631653980296,0.269418617918,0.0989274017861
527,0.640679411614,0.262838478973,0.096482109413
528,0.595380469924,0.290614072434,0.114005457642
529,0.637967964735,0.264853386432,0.0971786488329
530,0.621929878144,0.273751817725,0.104318304131
531,0.804255781926,0.143264737195,0.0524794808788
534,0.685351115864,0.228864942309,0.0857839418275
535,0.640543994,0.262771399004,0.0966846069968
536,0.766394562734,0.172126820661,0.0614786166049
537,0.633404355413,0.268095007369,0.0985006372181
538,0.645020969073,0.259453210975,0.0955258199524
539,0.563452758244,0.308189757362,0.128357484394
540,0.664014253372,0.247206824994,0.0887789216335
542,0.640405594548,0.263130698976,0.0964637064763
545,0.63717090711,0.265271434567,0.0975576583232
546,0.641352773889,0.26199387829,0.0966533478213
547,0.797050612274,0.148807736532,0.054141651194
548,0.675189588315,0.237646357959,0.087164053726
551,0.777936502529,0.162468535299,0.0595949621723
554,0.634320868912,0.267270486609,0.0984086444792
556,0.634630785714,0.267175886487,0.0981933277983
557,0.687013234829,0.229027750152,0.0839590150197
559,0.670333558973,0.240421758448,0.0892446825789
560,0.551028625824,0.314034789855,0.134936584321
562,0.783862940529,0.158384561313,0.0577524981579
563,0.656058962469,0.250275943788,0.0936650937431
564,0.654754646196,0.253137487672,0.0921078661317
565,0.632007949585,0.269120336088,0.0988717143269
566,0.582869759989,0.29898237643,0.118147863581
567,0.546970846767,0.315898035946,0.137131117287
568,0.635178097261,0.266833058077,0.0979888446617
571,0.631875492813,0.269166696159,0.0989578110283
572,0.726225461347,0.200630831865,0.0731437067882
573,0.764405910259,0.172454264423,0.0631398253183
574,0.648338709132,0.257002141789,0.0946591490792
577,0.70228486386,0.218082924098,0.0796322120427
578,0.7216056534,0.199900690422,0.0784936561784
579,0.805600791712,0.142342947595,0.0520562606937
582,0.613413212495,0.280567819107,0.106018968399
584,0.635873625107,0.266238697151,0.0978876777426
586,0.643966443001,0.260338119611,0.0956954373887
587,0.633913196551,0.267771820329,0.09831498312
589,0.631275948735,0.268860527933,0.0998635233323
590,0.634190038402,0.258482604185,0.107327357413
591,0.796152368126,0.14929598179,0.0545516500843
592,0.583534801345,0.297472496854,0.118992701801
593,0.6187550207,0.277304092187,0.103940887113
595,0.544694879734,0.317303442136,0.13800167813
596,0.655105598511,0.25291045094,0.0919839505492
597,0.644704749699,0.259536434073,0.0957588162278
598,0.763733255001,0.173001026509,0.0632657184905
600,0.722476683611,0.202641362915,0.074881953474
602,0.635336222997,0.266793981008,0.0978697959949
606,0.573128175425,0.303859856441,0.123011968134
607,0.67791233218,0.233694694561,0.0883929732593
609,0.674248426019,0.238364363101,0.0873872108801
610,0.63300825246,0.268438381969,0.0985533655708
611,0.630399951551,0.270097806919,0.09950224153
612,0.701185716613,0.217749528319,0.081064755068
613,0.728940527845,0.197973566903,0.0730859052514
614,0.738546431433,0.191082305784,0.0703712627836
617,0.639521074512,0.263617423903,0.096861501585
619,0.638842975596,0.263729782999,0.0974272414053
620,0.54109616023,0.319029793844,0.139874045926
621,0.636373049149,0.266120985851,0.0975059649998
625,0.625784270376,0.273152069713,0.101063659912
627,0.644793089282,0.25956872914,0.095638181578
628,0.634904692818,0.267043549177,0.0980517580049
629,0.593142565298,0.291370950873,0.115486483829
631,0.548740982587,0.31596887527,0.135290142143
632,0.634577031171,0.267313612089,0.0981093567404
633,0.790821855087,0.153390942546,0.0557872023675
635,0.548160015443,0.313407713618,0.138432270939
639,0.671060378939,0.237456683957,0.0914829371038
641,0.677314360101,0.235647675423,0.0870379644759
642,0.640572339433,0.262600471103,0.0968271894646
643,0.546924975765,0.315124399573,0.137950624662
644,0.73437396693,0.194898441851,0.0707275912188
645,0.719197295651,0.20767425234,0.0731284520093
647,0.598785186048,0.288883450286,0.112331363666
648,0.723839194815,0.201827665469,0.074333139716
649,0.679201951591,0.234573836991,0.0862242114176
650,0.645819609871,0.258920490476,0.095259899653
652,0.637960211352,0.264821819742,0.097217968906
653,0.642410722909,0.261383158433,0.0962061186579
654,0.645502003916,0.253346831288,0.101151164796
655,0.63073690878,0.269933385503,0.0993297057169
658,0.644001317732,0.26044278942,0.0955558928488
659,0.691037382049,0.225055216502,0.0839074014493
661,0.633810376069,0.267861068491,0.0983285554393
664,0.557671128226,0.311068098318,0.131260773457
666,0.675754824809,0.236238733739,0.0880064414523
667,0.806593965307,0.141536662096,0.0518693725969
668,0.668673300615,0.242599777779,0.088726921606
669,0.708382648106,0.213687882451,0.0779294694426
670,0.640247430912,0.263064978768,0.0966875903199
671,0.674756538185,0.237568250904,0.0876752109112
672,0.67185676765,0.240197375299,0.0879458570502
673,0.584779171071,0.297992564664,0.117228264265
674,0.647545330911,0.257811407881,0.0946432612076
675,0.606981949788,0.283755318275,0.109262731937
676,0.635441590764,0.265786092903,0.0987723163332
677,0.662920635161,0.246052418304,0.0910269465354
685,0.640204356714,0.262382237052,0.0974134062339
686,0.645814700509,0.259049636269,0.0951356632217
688,0.807726732687,0.140678622414,0.0515946448993
689,0.631320697226,0.267967060716,0.100712242058
690,0.63310335693,0.26828958629,0.0986070567798
692,0.659725878377,0.242841459817,0.0974326618054
694,0.634994721754,0.2666439892,0.0983612890455
695,0.643040769528,0.261420303105,0.0955389273674
696,0.571687822873,0.30338628258,0.124925894547
697,0.61339235266,0.278932951863,0.107674695478
699,0.596735981567,0.290138896828,0.113125121605
700,0.644223051584,0.259839739253,0.0959372091625
701,0.63358474755,0.26811741766,0.0982978347904
704,0.638234488217,0.264755650725,0.0970098610582
705,0.63720963265,0.265436205792,0.0973541615583
706,0.645274323095,0.259510345688,0.0952153312172
707,0.714915545768,0.208115610086,0.0769688441461
708,0.549947373448,0.316735166917,0.133317459636
709,0.643875230106,0.260375725901,0.0957490439928
710,0.583302299068,0.297611524057,0.119086176875
711,0.635461112118,0.266621871532,0.0979170163501
712,0.64573686162,0.25922596617,0.0950371722093
713,0.688743848291,0.227630282388,0.0836258693213
717,0.661464868828,0.247622913394,0.0909122177777
718,0.807106131766,0.141209467011,0.0516844012234
719,0.562042801029,0.309152325758,0.128804873213
723,0.686143986976,0.22824189632,0.0856141167043
724,0.810174341175,0.138782611302,0.0510430475233
725,0.635184202443,0.266611099182,0.098204698375
726,0.641563412254,0.262274761108,0.0961618266382
728,0.633279195834,0.268162539306,0.0985582648597
729,0.644070630888,0.259963305209,0.0959660639036
730,0.649154245259,0.256563243412,0.0942825113291
735,0.739102408184,0.190725803259,0.0701717885566
736,0.551220375308,0.313719163829,0.135060460863
737,0.541493008623,0.318683839762,0.139823151615
738,0.643843339683,0.260586243646,0.0955704166713
739,0.6412594859,0.262451355676,0.0962891584242
743,0.645339816533,0.259270207396,0.0953899760717
744,0.65883446131,0.244741748875,0.0964237898154
746,0.633835306902,0.267830056571,0.0983346365272
749,0.714684078501,0.208042354461,0.0772735670376
750,0.625919748339,0.273000198406,0.101080053256
751,0.587543051927,0.295462711117,0.116994236956
753,0.638524794234,0.26461505717,0.0968601485957
754,0.634815405311,0.267026555467,0.0981580392214
756,0.686182207482,0.229975811784,0.0838419807336
757,0.651170709351,0.25498394999,0.0938453406584
758,0.645958878256,0.258947403782,0.0950937179615
759,0.671135523061,0.241082961512,0.0877815154264
760,0.629527285465,0.270660366873,0.0998123476618
761,0.675745415663,0.235430245747,0.0888243385906
762,0.643705815047,0.260518414144,0.0957757708085
763,0.680942641987,0.233946205578,0.0851111524357
764,0.652327692234,0.255187382215,0.092484925551
765,0.641525392278,0.261767713765,0.0967068939568
767,0.700533374459,0.219443474104,0.0800231514369
770,0.629205791247,0.270695217872,0.100098990882
771,0.669331942677,0.239481305542,0.0911867517808
773,0.637361011333,0.264994941924,0.0976440467435
774,0.73946979564,0.191776974308,0.0687532300528
775,0.64533737763,0.259500267436,0.0951623549337
776,0.633416198324,0.268136740381,0.0984470612948
779,0.800710311076,0.146182872443,0.0531068164808
781,0.614039516069,0.280068289069,0.105892194862
782,0.547528097728,0.313823284962,0.13864861731
783,0.649600556254,0.251023859023,0.0993755847235
785,0.708398688147,0.214272978215,0.077328333638
786,0.80601788686,0.1420374224,0.0519446907396
790,0.580853721621,0.300348510898,0.118797767481
791,0.640280212417,0.26313874901,0.0965810385722
792,0.692300025551,0.22590004803,0.0817999264183
793,0.637346214236,0.265484944105,0.0971688416593
798,0.553719606802,0.313179919503,0.133100473695
799,0.724054166613,0.201412069139,0.0745337642483
800,0.672006750556,0.240082984084,0.0879102653593
801,0.661036134691,0.24744840697,0.0915154583385
802,0.548101248691,0.316080736433,0.135818014876
803,0.63153536104,0.269427662434,0.0990369765261
804,0.66165138774,0.247048684565,0.0912999276949
805,0.623815890851,0.274503748753,0.101680360396
806,0.631759517755,0.269088802122,0.0991516801229
807,0.633902131802,0.267258274573,0.098839593625
808,0.801125296681,0.145807857133,0.0530668461858
814,0.627310800236,0.272458889868,0.100230309896
815,0.705655977661,0.216300163073,0.0780438592664
816,0.627458504748,0.272034585627,0.100506909625
817,0.637571209528,0.265190178205,0.0972386122668
819,0.583742506046,0.296928971278,0.119328522677
820,0.640702008135,0.263125059777,0.0961729320885
823,0.647941507389,0.257246023265,0.0948124693464
824,0.635238870682,0.266791289558,0.0979698397599
825,0.636590102429,0.265908259303,0.0975016382684
826,0.789987896075,0.154457101299,0.055555002626
828,0.604472689125,0.286174699862,0.109352611013
829,0.808371646322,0.140069528421,0.0515588252573
830,0.809910570138,0.138933833744,0.0511555961182
832,0.693988390791,0.223239616008,0.0827719932003
833,0.59478044914,0.291396116224,0.113823434636
834,0.635872193895,0.265923668954,0.0982041371515
835,0.623760876669,0.274028782359,0.102210340972
837,0.797948064162,0.148165164726,0.0538867711124
838,0.591937475667,0.293167869125,0.114894655208
842,0.805812579435,0.14197076341,0.0522166571552
844,0.643570137921,0.260660105891,0.095769756188
846,0.598816254962,0.289011011249,0.11217273379
847,0.642534033717,0.261312437109,0.096153529174
848,0.660246096029,0.249975241463,0.0897786625083
849,0.767636217763,0.17096331623,0.0614004660076
851,0.716954156023,0.206571658592,0.0764741853841
852,0.711874051697,0.211858189312,0.0762677589911
854,0.641908898161,0.261496741928,0.0965943599115
857,0.681020436491,0.23184117575,0.0871383877585
860,0.635398069725,0.266364947515,0.0982369827603
861,0.621768488347,0.275849801224,0.102381710429
862,0.617057823518,0.279114614577,0.103827561905
863,0.640814371375,0.262672755978,0.0965128726465
864,0.678405553461,0.236965778245,0.0846286682947
865,0.647459033962,0.257703240514,0.0948377255246
867,0.694818086372,0.22255771384,0.0826241997881
868,0.806847164948,0.141353018188,0.0517998168643
872,0.580090516258,0.298680290142,0.1212291936
875,0.66619895293,0.24130882316,0.0924922239104
876,0.802232810319,0.14501678498,0.0527504047007
877,0.633681893346,0.267756357015,0.0985617496384
879,0.756927762946,0.178989076364,0.0640831606896
880,0.646220098226,0.259009562702,0.0947703390715
882,0.67193387454,0.237616844163,0.090449281297
884,0.682669465898,0.230884313107,0.0864462209949
887,0.742278882153,0.188461632232,0.0692594856146
889,0.808529627627,0.140057556565,0.0514128158076
890,0.579546810091,0.299073880907,0.121379309002
891,0.767201894142,0.170482250146,0.0623158557115
894,0.633007975644,0.267987844011,0.0990041803451
895,0.684466093008,0.229537646881,0.0859962601112
898,0.673729298445,0.23855206708,0.0877186344754
899,0.805341494833,0.142473200218,0.052185304949
904,0.64490039621,0.259620465317,0.0954791384732
907,0.599367894747,0.289022673452,0.111609431801
908,0.548903298185,0.316049018291,0.135047683524
910,0.616355761784,0.277841048811,0.105803189406
911,0.597220056714,0.28656930112,0.116210642166
913,0.801420142801,0.145587759868,0.0529920973311
915,0.647806742449,0.250750140341,0.10144311721
916,0.705173773973,0.215094518836,0.0797317071912
919,0.738761361633,0.191530992671,0.069707645696
921,0.646359105029,0.259495774826,0.0941451201454
923,0.685144349783,0.230427363302,0.0844282869153
925,0.698716119674,0.219620594916,0.0816632854096
927,0.678517033444,0.233512094531,0.0879708720249
930,0.688358495113,0.229481815096,0.0821596897913
931,0.683457817057,0.230876018071,0.0856661648729
932,0.803331688311,0.144000158897,0.0526681527921
933,0.637932602841,0.264668890263,0.0973985068952
934,0.717512476691,0.206067032907,0.0764204904025
935,0.551307602845,0.315126232815,0.13356616434
936,0.676121853157,0.236024419201,0.0878537276427
937,0.550172625237,0.316390196727,0.133437178036
939,0.591457738901,0.29415953377,0.114382727329
940,0.640770943967,0.262868507652,0.0963605483807
941,0.701418345839,0.217796313802,0.0807853403594
942,0.801821784736,0.145282152306,0.0528960629581
944,0.751280352605,0.182044870359,0.0666747770369
945,0.704073727298,0.214849667609,0.0810766050927
947,0.592752420952,0.293257152048,0.113990427
950,0.764944288945,0.172127902296,0.0629278087591
951,0.648278756762,0.257105846335,0.0946153969028
953,0.652147490594,0.254193644281,0.0936588651256
955,0.664074671671,0.245268304998,0.0906570233312
956,0.645590940079,0.258917786773,0.0954912731479
960,0.544813575294,0.318879711691,0.136306713015
962,0.679265550396,0.235012760778,0.0857216888263
963,0.657414982208,0.250293139001,0.0922918787912
964,0.648022706169,0.258062993203,0.0939143006281
965,0.5662104113,0.307610046042,0.126179542659
966,0.807369320758,0.141478901692,0.05115177755
970,0.683121108404,0.230638706628,0.0862401849674
973,0.779617248577,0.162183182942,0.0581995684812
974,0.679044261442,0.233907080511,0.0870486580476
976,0.671071044832,0.24078628583,0.0881426693383
977,0.604545453698,0.285719791679,0.109734754623
979,0.621642110054,0.275293677084,0.103064212862
981,0.641248799307,0.262492817476,0.0962583832172
982,0.635221240815,0.266876817962,0.097901941223
983,0.789924306082,0.151804736802,0.0582709571161
985,0.649648886653,0.257193406983,0.0931577063641
986,0.644776398241,0.259424523273,0.095799078486
987,0.640070703184,0.263486090653,0.0964432061627
990,0.713765078645,0.208799041865,0.0774358794898
993,0.665093635616,0.244341153134,0.0905652112498
994,0.647512738881,0.257751823283,0.0947354378361
995,0.553093553645,0.313442227582,0.133464218773
996,0.690551365491,0.226980474485,0.0824681600244
997,0.634327129365,0.267431126697,0.0982417439384
1000,0.635200656245,0.266315069713,0.098484274042
1001,0.655409581973,0.251906527357,0.0926838906699
1004,0.633774837749,0.267930121967,0.0982950402839
1007,0.637119095231,0.2654259835,0.0974549212698
1008,0.638039843722,0.264675272913,0.0972848833643
1009,0.676173885213,0.234667071028,0.089159043759
1010,0.640782075205,0.262787255694,0.0964306691013
1011,0.664229810563,0.245654932094,0.0901152573429
1012,0.720207832126,0.204275325422,0.075516842452
1013,0.740837497585,0.190125435617,0.0690370667973
1016,0.679447102061,0.235065972123,0.0854869258161
1017,0.68248955365,0.231045732397,0.086464713953
1018,0.575717922497,0.303081216101,0.121200861402
1021,0.807117083133,0.14117626788,0.0517066489867
1023,0.644574827083,0.253234365333,0.102190807585
1024,0.678172578698,0.235227893491,0.0865995278107
1025,0.648866003819,0.25113012377,0.100003872411
1026,0.646952097962,0.258145839941,0.0949020620963
1027,0.699394743505,0.219422740166,0.0811825163291
1029,0.714113911418,0.206985797225,0.0789002913574
1032,0.679958866073,0.233684474969,0.086356658958
1033,0.661281949316,0.247737861812,0.0909801888722
1034,0.634833926547,0.267097073194,0.0980690002597
1036,0.642844408723,0.261136576903,0.0960190143741
1037,0.801468047806,0.145520300163,0.0530116520313
1038,0.695559769933,0.222040731876,0.0823994981911
1039,0.581310547145,0.299926151281,0.118763301574
1041,0.556883157232,0.312302115824,0.130814726944
1042,0.71196680394,0.2109560948,0.0770771012601
1043,0.66010480687,0.248726492156,0.091168700974
1045,0.677721283896,0.236873135104,0.0854055810003
1049,0.682807624488,0.232646901837,0.0845454736754
1052,0.648255178086,0.257304964489,0.0944398574253
1053,0.634726733623,0.267169226585,0.0981040397922
1055,0.802928503221,0.144395080192,0.0526764165869
1056,0.590151640563,0.293030398179,0.116817961257
1057,0.642831271621,0.261374781954,0.0957939464251
1058,0.67722577696,0.236074212604,0.0867000104364
1059,0.720207529828,0.203988888152,0.0758035820205
1060,0.642378250428,0.261467310376,0.0961544391963
1061,0.551964505298,0.314607064782,0.133428429921
1062,0.640177244237,0.263105238555,0.0967175172083
1063,0.62982973897,0.270283307323,0.0998869537072
1066,0.678445908374,0.235722990945,0.0858311006805
1067,0.76638668911,0.171984234366,0.0616290765235
1068,0.634300310173,0.267337436338,0.0983622534886
1073,0.545966481515,0.315182130475,0.138851388009
1074,0.638817386986,0.264172139879,0.0970104731353
1075,0.739217708211,0.191661554752,0.0691207370376
1076,0.642925916676,0.259283574715,0.0977905086082
1078,0.646620070922,0.258492872381,0.0948870566975
1081,0.739095779343,0.191622505399,0.0692817152581
1082,0.547401494671,0.314107279223,0.138491226106
1083,0.80858004392,0.140395120695,0.0510248353849
1084,0.648902787272,0.256706171191,0.0943910415374
1088,0.62247925698,0.274431375038,0.103089367982
1089,0.719852050285,0.205980434026,0.0741675156883
1091,0.641073334862,0.262551789783,0.0963748753553
1092,0.637274769662,0.265380040176,0.0973451901621
1093,0.664813358057,0.245008373501,0.0901782684423
1095,0.638830694841,0.264112599974,0.0970567051851
1096,0.632133708083,0.268056464861,0.099809827056
1099,0.685669338247,0.229466893368,0.0848637683853
1100,0.783109284114,0.159201418209,0.0576892976766
1106,0.603414134523,0.286719657527,0.10986620795
1109,0.67832451608,0.234054388739,0.0876210951811
1113,0.702292834425,0.218222347739,0.0794848178355
1114,0.76569104,0.172360438035,0.0619485219653
1119,0.699504601333,0.220741950695,0.0797534479716
1121,0.637917185197,0.264911917447,0.0971708973565
1122,0.681803085424,0.231282325879,0.0869145886968
1123,0.639877006461,0.263421586172,0.0967014073672
1124,0.702697307027,0.217345397851,0.0799572951225
1125,0.623796755391,0.274033160324,0.102170084285
1127,0.584667663403,0.297442113414,0.117890223183
1128,0.686282507746,0.229547151762,0.0841703404924
1129,0.798731535867,0.147719625002,0.0535488391312
1130,0.64760792426,0.257730037032,0.0946620387084
1133,0.633376331704,0.268279637222,0.098344031074
1135,0.625801799582,0.273107802576,0.101090397842
1138,0.57324486092,0.303071190271,0.123683948808
1139,0.634972415208,0.266396130236,0.0986314545565
1140,0.562165211861,0.308053968611,0.129780819528
1141,0.691367045292,0.226230559036,0.082402395672
1145,0.636077849988,0.266284555075,0.0976375949378
1146,0.639002698775,0.263566163903,0.097431137322
1147,0.749685447873,0.183200843464,0.0671137086631
1149,0.648232808981,0.257115799884,0.0946513911346
1150,0.637144048193,0.265439791717,0.09741616009
1151,0.640625925735,0.262760157336,0.0966139169284
1153,0.604630028052,0.285462553763,0.109907418186
1155,0.68787374538,0.227292733241,0.0848335213793
1156,0.638797933453,0.264079032371,0.0971230341758
1157,0.641560110817,0.262180847102,0.0962590420801
1158,0.685192501278,0.229989301718,0.0848181970042
1160,0.805763932046,0.142188219119,0.0520478488351
1161,0.631684163287,0.269122338768,0.0991934979453
1163,0.641565108189,0.26227977516,0.0961551166511
1167,0.808162037074,0.140330613872,0.0515073490546
1168,0.714345403797,0.208468262577,0.0771863336253
1169,0.631419365691,0.269546594814,0.0990340394948
1170,0.558951626977,0.311336601996,0.129711771027
1173,0.62839566234,0.271158534709,0.100445802951
1174,0.612218874251,0.281842715565,0.105938410185
1175,0.650762984941,0.255277416119,0.0939595989407
1176,0.64622655059,0.252729632183,0.101043817227
1178,0.546777344891,0.315463619737,0.137759035372
1179,0.804048560105,0.143262927987,0.0526885119077
1180,0.765939341984,0.172096348175,0.0619643098414
1181,0.722803263255,0.202364087712,0.0748326490337
1182,0.636599096583,0.265796273993,0.0976046294237
1183,0.732471672013,0.196957800342,0.0705705276441
1185,0.694782152936,0.222209467918,0.0830083791467
1186,0.647574750338,0.257769803048,0.0946554466141
1187,0.641467822772,0.262260613563,0.0962715636644
1188,0.678768068149,0.235386053762,0.0858458780896
1189,0.635076486473,0.266943308402,0.0979802051253
1190,0.548028760386,0.314215063415,0.137756176199
1191,0.56090291081,0.310499210889,0.128597878301
1192,0.639127591892,0.263992321285,0.0968800868229
1195,0.62902374372,0.271179639032,0.0997966172484
1198,0.65735295747,0.251807378143,0.0908396643874
1199,0.780071608814,0.161696215557,0.0582321756289
1200,0.635390191869,0.266367611717,0.098242196414
1201,0.630835854143,0.268254835937,0.100909309919
1202,0.68501318845,0.230871424088,0.0841153874623
1204,0.638491357163,0.264593512854,0.0969151299828
1206,0.622147870594,0.275127998024,0.102724131383
1208,0.780498754938,0.161458300437,0.0580429446251
1209,0.613929861546,0.279669679317,0.106400459138
1212,0.808019749252,0.140471733244,0.0515085175038
1219,0.717638255044,0.205979241775,0.0763825031817
1220,0.651546199983,0.25482020061,0.0936335994066
1221,0.637599693963,0.265176778386,0.0972235276514
1224,0.804633117973,0.143193523929,0.0521733580977
1227,0.764602683974,0.173365808771,0.0620315072553
1229,0.707196747128,0.215295053876,0.0775081989956
1230,0.652877126636,0.253527730428,0.0935951429362
1231,0.630598620185,0.269947657929,0.0994537218863
1232,0.681635810476,0.231733378798,0.0866308107253
1233,0.493991205638,0.347847761675,0.158161032687
1234,0.629572626979,0.269524742843,0.100902630178
1237,0.637031957689,0.265458320207,0.0975097221039
1238,0.675448156989,0.236496689461,0.0880551535508
1240,0.638616741183,0.264027028137,0.0973562306799
1243,0.712063543212,0.209907346945,0.0780291098434
1245,0.626567674617,0.27231647889,0.101115846493
1246,0.644934434155,0.259363464574,0.0957021012707
1249,0.716924126868,0.206483758132,0.0765921149995
1250,0.661743276172,0.247079685417,0.0911770384115
1252,0.640658707376,0.262812942679,0.0965283499451
1253,0.563487527112,0.308785617566,0.127726855322
1254,0.798752857612,0.147618171003,0.0536289713843
1256,0.687395917166,0.230467807292,0.0821362755419
1259,0.580773165408,0.299920537679,0.119306296913
1260,0.71226199239,0.210931351065,0.0768066565445
1261,0.792782619826,0.151627236846,0.0555901433287
1263,0.744391944157,0.18704152253,0.0685665333127
1267,0.633092359759,0.268483311625,0.0984243286165
1268,0.765257380049,0.171971125345,0.0627714946058
1270,0.705330969048,0.21512372203,0.0795453089223
1272,0.645868975104,0.259281346048,0.094849678848
1273,0.678712270658,0.23397762822,0.087310101122
1275,0.631675429776,0.26902318161,0.0993013886142
1276,0.640530574198,0.262903606026,0.0965658197759
1277,0.633158868697,0.268247995304,0.0985931359987
1278,0.635409333113,0.266552396885,0.0980382700018
1279,0.639509616873,0.263717274815,0.0967731083115
1280,0.635425117062,0.266182205948,0.0983926769905
1281,0.756469397846,0.179224143138,0.0643064590163
1285,0.696572326828,0.220383820397,0.0830438527754
1286,0.636579652298,0.265348509451,0.0980718382515
1287,0.694249742943,0.223544890245,0.0822053668122
1288,0.638107667301,0.264805613013,0.0970867196863
1289,0.767360843513,0.170669655839,0.0619695006485
1290,0.680596623564,0.233072954663,0.0863304217727
1291,0.669112634097,0.239791138167,0.0910962277357
1292,0.659029065319,0.249061097988,0.0919098366929
1293,0.779342730773,0.161793338723,0.0588639305045
1294,0.626781984982,0.272539709264,0.100678305754
1297,0.767012312637,0.170619233894,0.0623684534689
1298,0.633437014405,0.268067148846,0.0984958367488
1300,0.643962533325,0.260532781958,0.0955046847168
1301,0.784161024747,0.158835538583,0.0570034366702
1302,0.719090768706,0.205704069529,0.0752051617648
1303,0.640946619966,0.262719421279,0.096333958755
1304,0.653669439648,0.246543733416,0.0997868269359
1305,0.682331833658,0.229288599337,0.0883795670046
1306,0.740237282425,0.18995032998,0.0698123875952
1307,0.623332721982,0.272952954539,0.103714323478
1311,0.661735528037,0.247059108492,0.0912053634704
1313,0.574636793812,0.303686546976,0.121676659212
1315,0.700401697896,0.21834243514,0.0812558669639
1316,0.643400168025,0.260782480058,0.0958173519172
1317,0.561122199391,0.310481052484,0.128396748125
1319,0.633222584554,0.268181180742,0.0985962347038
1322,0.605577310261,0.285435477814,0.108987211925
1323,0.671465097806,0.240098951495,0.0884359506989
1325,0.769826675443,0.168356069604,0.0618172549536
1326,0.585064871527,0.297558227844,0.117376900629
1327,0.657482672041,0.250818766044,0.0916985619147
